6	-1
60
3	1	189	167	530	304	184	426	0	-1
0	2	250	87	712	320	0
1	3	586	134	844	291	4	-1
2	4	248	179	661	441	4	-1
0	5	267	246	782	500	4
3	6	179	136	97	280	545	284	4	-1
2	7	229	172	674	395	4	-1
1	8	44	298	410	391	4	-1
0	9	616	391	977	576	4
2	10	668	191	1108	296	4	-1
3	11	276	200	168	403	530	460	4	-1
0	12	388	109	717	239	3
3	13	316	161	224	266	419	326	3	-1
2	14	621	154	721	248	3	-1
3	15	406	276	301	375	640	504	3	-1
1	16	2	123	194	322	2	-1
0	17	754	257	1002	437	2
3	18	252	345	152	487	328	517	2	-1
1	19	721	493	1008	518	2	-1
0	20	827	201	1060	328	2
2	21	863	123	1141	273	2	-1
3	22	681	383	595	503	941	535	2	-1
2	23	440	133	719	345	2	-1
1	24	185	111	356	254	2	-1
0	25	403	128	568	329	2
3	26	147	186	145	340	267	357	7	-1
1	27	1003	197	1023	339	7	-1
0	28	1066	170	1134	348	7
2	29	986	162	1030	320	7	-1
2	30	123	497	374	495	7	-1
1	31	650	513	833	399	7	-1
0	32	812	268	1075	475	7
3	33	179	80	93	207	436	200	7	-1
2	34	585	131	778	194	10	-1
2	35	665	397	825	406	10	-1
0	36	816	414	958	423	10
0	37	806	579	998	443	10
3	38	489	518	788	549	583	317	10	-1
2	39	53	496	134	415	10	-1
2	40	808	124	1048	238	9	-1
0	41	81	78	230	222	9
2	42	109	157	135	380	9	-1
3	43	465	119	468	318	656	426	9	-1
2	44	175	529	533	575	9	-1
0	45	721	558	1030	509	9
1	46	317	155	816	288	9	-1
0	47	1053	203	1208	415	4
1	48	890	556	1049	484	4	-1
0	49	29	72	126	122	4
3	50	1217	172	1120	343	1166	386	18	-1
1	51	71	128	146	412	18	-1
0	52	98	541	272	503	18
3	53	435	555	574	488	426	459	18	-1
2	54	646	492	738	388	18	-1
1	55	905	230	1031	431	18	-1
3	56	970	121	856	231	1071	304	18	-1
2	57	917	496	1007	445	6	-1
2	58	106	87	337	210	6	-1
2	59	863	423	973	306	6	-1
2	60	1037	519	1120	464	6	-1
