0	-1
60
2	1	50	98	117	135	0	0
2	2	151	118	227	118	0	1
2	3	269	114	345	114	0	2
2	4	403	113	479	113	0	3
2	5	525	119	601	119	0	4
2	6	642	118	718	118	0	5
2	7	780	121	856	121	0	6
2	8	916	119	992	119	0	7
2	9	1019	113	1095	113	0	8
2	10	1129	117	1205	117	0	9
2	11	20	535	96	535	0	10
2	12	123	532	199	532	0	11
2	13	258	531	334	531	0	12
2	14	387	536	463	536	0	13
2	15	526	526	602	526	0	14
2	16	660	534	736	534	0	15
2	17	785	534	861	534	0	16
2	18	910	537	986	537	0	17
2	19	1017	544	1093	544	0	18
2	20	1136	560	1212	560	0	19
3	21	83	171	121	230	38	231	0	9
3	22	196	165	234	224	151	225	0	8
3	23	302	162	340	221	257	222	0	7
3	24	442	161	480	220	397	221	0	6
3	25	564	166	602	225	519	226	0	5
3	26	704	178	742	237	659	238	0	4
3	27	839	172	877	231	794	232	0	3
3	28	963	168	1001	227	918	228	0	2
3	29	1072	169	1110	228	1027	229	0	1
3	30	1178	167	1216	226	1133	227	0	0
3	31	63	412	101	471	18	472	0	19
3	32	168	406	206	465	123	466	0	18
3	33	295	397	333	456	250	457	0	17
3	34	425	410	463	469	380	470	0	16
3	35	561	398	599	457	516	458	0	15
3	36	706	388	744	447	661	448	0	14
3	37	821	420	859	479	776	480	0	13
3	38	947	418	985	477	902	478	0	12
3	39	1063	420	1101	479	1018	480	0	11
3	40	1169	423	1207	482	1124	483	0	10
1	41	38	262	110	308	0	0
1	42	217	262	145	308	0	1
1	43	253	256	325	302	0	2
1	44	478	251	406	297	0	3
1	45	530	243	602	289	0	4
1	46	732	261	660	307	0	5
1	47	808	255	880	301	0	6
1	48	996	252	924	298	0	7
1	49	1037	254	1109	300	0	8
1	50	1209	254	1137	300	0	9
1	51	31	340	103	386	0	10
1	52	213	330	141	376	0	11
1	53	260	331	332	377	0	12
1	54	455	348	383	394	0	13
1	55	525	334	597	380	0	14
1	56	738	332	666	378	0	15
1	57	810	333	882	379	0	16
1	58	999	326	927	372	0	17
1	59	1040	329	1112	375	0	18
1	60	1212	327	1140	373	0	19
